Bases for #26:01,02,12,03,13,23,END
Bases for #50:01,02,12,03,13,23,04,14,24,34,END
Bases for #63:012,013,023,123,014,024,124,034,134,234,END
Bases for #130:012,023,123,014,024,034,134,234,015,025,125,035,135,145,245,345,END
Bases for #132:012,023,123,014,024,034,134,234,015,025,125,035,135,045,145,245,345,END
Bases for #134:012,023,123,014,024,034,134,234,015,025,125,035,135,235,045,145,245,345,END
Bases for #136:012,023,123,014,024,124,034,134,234,015,025,125,035,135,235,045,145,245,345,END
Bases for #137:012,013,023,123,014,024,124,034,134,234,015,025,125,035,135,235,045,145,245,345,END
Bases for #135:012,023,123,014,024,124,034,134,234,015,025,125,035,135,235,045,145,345,END
Bases for #298:012,023,123,014,024,034,134,234,015,025,125,035,135,145,245,345,016,126,036,136,236,046,146,246,056,256,356,456,END
Bases for #411:0123,0124,0234,1234,0125,0135,0235,0145,1245,0345,1345,2345,0136,0236,1236,0146,0246,1246,0346,1346,0156,0256,1256,1356,2356,0456,2456,3456,END
Bases for #300:012,023,123,014,024,034,134,234,015,025,125,035,135,045,145,245,345,016,126,036,136,236,046,146,246,056,256,356,456,END
Bases for #413:0123,0124,0234,1234,0125,0135,0235,0145,0245,1245,0345,1345,2345,0126,0136,1236,0146,0246,0346,1346,2346,0256,1256,0356,1356,2356,0456,1456,2456,END
Bases for #303:012,023,123,014,024,034,134,234,015,025,125,035,135,045,145,245,345,016,026,126,036,136,236,146,246,346,056,256,356,456,END
Bases for #414:0123,0124,0234,1234,0125,0135,0235,0145,0245,1245,0345,1345,2345,0126,0136,0236,1236,0146,1246,0346,1346,2346,0256,1256,0356,1356,2356,0456,1456,2456,END
Bases for #1484:0123,0124,0234,1234,0125,0135,0235,0145,1245,0345,1345,2345,0136,0236,1236,0146,0246,1246,0346,1346,0156,0256,1256,1356,2356,0456,2456,3456,0127,0137,1237,0147,0247,0347,1347,2347,0257,1257,0357,1357,2357,0457,1457,2457,0167,0267,1267,0367,2367,1467,2467,3467,0567,1567,3567,4567,END
Bases for #1485:0123,0124,0234,1234,0125,0135,0235,0145,0245,1245,0345,1345,2345,0126,0136,1236,0146,0246,0346,1346,2346,0256,1256,0356,1356,2356,0456,1456,2456,0137,0237,1237,0147,0247,1247,0347,1347,0157,0257,1257,1357,2357,0457,2457,3457,0167,0267,1267,0367,2367,1467,2467,3467,0567,1567,3567,4567,END
Bases for #1487:0123,0124,0234,1234,0125,0135,0235,0145,0245,1245,0345,1345,2345,0126,0136,1236,0146,0246,0346,1346,2346,0256,1256,0356,1356,2356,0456,1456,2456,0137,0237,1237,0147,0247,1247,0347,1347,0157,0257,1257,1357,2357,0457,2457,3457,0167,0267,1267,0367,1367,2367,1467,2467,3467,0567,1567,3567,4567,END
Bases for #1486:0123,0124,0234,1234,0125,0135,0235,0145,0245,1245,0345,1345,2345,0126,0136,1236,0146,0246,0346,1346,2346,0256,1256,0356,1356,2356,0456,1456,2456,3456,0137,0237,1237,0147,0247,1247,0347,1347,0157,0257,1257,1357,2357,0457,2457,3457,0167,0267,1267,0367,2367,1467,2467,3467,0567,1567,3567,4567,END
Bases for #1493:0123,0124,0234,1234,0125,0135,0235,0145,0245,1245,0345,1345,2345,0126,0136,1236,0146,0246,0346,1346,2346,0256,1256,0356,1356,2356,0456,1456,2456,3456,0137,0237,1237,0147,0247,1247,0347,1347,0157,0257,1257,1357,2357,0457,2457,3457,0167,0267,1267,0367,1367,2367,1467,2467,3467,0567,1567,3567,4567,END
Bases for #1229:0123,0134,1234,0235,1235,0345,1345,2345,0126,1236,0146,1246,1346,0256,1256,2356,0456,1456,2456,3456,0127,0137,0237,0147,1247,0347,1347,2347,0257,1257,0357,1357,2357,0457,1457,2457,0167,0267,1267,1367,2367,0467,2467,3467,0567,1567,3567,4567,END
Bases for #1771:0123,0124,0234,1234,0125,0135,0235,0145,0245,1245,0345,1345,2345,0126,0136,0236,1236,0146,0246,1246,0346,1346,2346,0156,0256,1256,0356,1356,2356,0456,1456,2456,3456,0127,0137,0237,1237,0147,0247,1247,0347,1347,2347,0157,0257,1257,0357,1357,2357,0457,1457,2457,3457,0167,0267,1267,0367,2367,1467,2467,3467,0567,1567,3567,4567,END
Bases for #1489:0123,0124,0234,1234,0125,0135,0235,0145,0245,1245,0345,1345,2345,0126,0136,0236,1236,0146,1246,0346,1346,2346,0256,1256,0356,1356,2356,0456,1456,2456,0137,0237,1237,0147,0247,1247,0347,1347,0157,0257,1257,1357,2357,0457,2457,3457,0167,0267,1267,0367,2367,0467,1467,2467,3467,0567,1567,3567,4567,END
Bases for #1724:0123,0124,0234,1234,0125,0135,0235,0145,0245,1245,0345,1345,2345,0126,0136,0236,1236,0146,0246,0346,1346,2346,0156,0256,1256,0356,1356,2356,0456,1456,2456,3456,0127,0137,0237,1237,0147,0247,1247,0347,1347,2347,0157,0257,1257,1357,2357,0457,2457,3457,0167,0267,1267,0367,1367,2367,0467,1467,2467,3467,0567,1567,3567,4567,END
Bases for #1583:0123,0124,0234,1234,0125,0135,0235,0145,0245,1245,0345,1345,2345,0126,0136,0236,1236,0146,0246,0346,1346,2346,0256,1256,0356,1356,2356,0456,1456,2456,3456,0127,0137,0237,1237,0147,0247,1247,0347,1347,0157,0257,1257,1357,2357,0457,1457,2457,3457,0167,0267,1267,0367,1367,2367,1467,2467,3467,0567,1567,3567,4567,END
Bases for #1245:0123,0134,1234,0235,1235,0345,1345,2345,0126,1236,0146,1246,1346,0256,1256,2356,0456,1456,2456,3456,0127,0137,0237,1237,0147,1247,0347,1347,2347,0257,1257,0357,1357,2357,0457,1457,2457,0167,0267,1367,2367,0467,1467,2467,3467,0567,1567,2567,3567,4567,END
Bases for #1497:0123,0124,0234,1234,0125,0135,0235,0145,0245,1245,0345,1345,2345,0126,0136,0236,1236,0146,1246,0346,1346,2346,0256,1256,0356,1356,2356,0456,1456,2456,0127,0137,0237,1237,0147,0247,1247,0347,1347,0157,1257,0357,1357,2357,0457,2457,3457,0167,0267,1367,2367,0467,1467,2467,3467,0567,1567,2567,3567,4567,END
Bases for #1208:0123,0134,1234,0235,1235,0345,1345,2345,0126,0236,0146,1246,0346,2346,0256,1256,2356,0456,1456,2456,3456,0127,0137,1237,0147,1247,0257,1257,0357,1357,2357,0457,1457,2457,0167,0267,1267,0367,2367,0467,2467,0567,1567,3567,4567,END
Bases for #1215:0123,0134,1234,0235,1235,0345,1345,2345,0126,0236,0146,1246,0346,2346,0256,1256,2356,0456,1456,2456,3456,0127,0137,1237,0147,1247,0257,1257,0357,1357,2357,0457,1457,2457,0167,0267,1267,0367,2367,0467,2467,0567,1567,2567,3567,4567,END
Bases for #7844:0123,0134,1234,0235,1235,0345,1345,2345,0126,0236,0146,1246,0346,2346,0256,1256,2356,0456,1456,2456,3456,0127,0137,1237,0147,1247,0257,1257,0357,1357,2357,0457,1457,2457,0167,0267,1267,0367,2367,0467,2467,0567,1567,3567,4567,0128,0138,0238,0148,1248,0348,1348,2348,0258,1258,0358,1358,2358,0458,1458,2458,0168,0368,1468,3468,0568,1568,3568,4568,0278,1278,0378,1378,2378,0478,1478,2478,0678,1678,3678,4678,END
Bases for #198679:01234,01345,02345,12345,01236,01246,12346,01356,02356,12356,01456,02456,12456,13456,23456,01247,01347,02347,01457,02457,12457,13457,23457,01267,01367,02367,01467,02467,12467,13467,23467,01567,02567,12567,13567,23567,01238,01248,02348,01358,02358,12358,01458,02458,12458,03458,23458,02368,12368,02468,12468,23468,03568,13568,04568,14568,34568,01278,01378,02378,01478,03478,01578,02578,12578,13578,23578,04578,14578,34578,02678,12678,03678,13678,23678,04678,14678,34678,05678,15678,35678,END
Bases for #3188:012,023,123,014,024,034,134,234,015,025,125,035,135,045,145,245,345,016,026,126,036,136,236,146,246,346,056,256,356,456,017,127,037,137,237,047,147,247,347,057,157,257,357,067,167,267,467,567,018,028,128,038,138,238,048,148,248,158,258,358,458,068,168,368,468,568,078,278,378,478,578,678,END
Bases for #3247:012,023,123,014,024,034,134,234,015,025,125,035,135,045,145,245,345,016,026,126,036,136,236,146,246,346,056,156,256,356,456,017,027,127,037,137,237,047,147,247,347,157,257,357,457,067,167,367,467,567,018,028,128,038,138,238,048,148,248,348,058,158,258,358,068,168,268,468,568,078,278,378,478,578,678,END
Bases for #3306:012,023,123,014,024,034,134,234,015,025,125,035,135,045,145,245,345,016,026,126,036,136,236,146,246,346,056,156,256,356,456,017,027,127,037,137,237,047,147,247,347,157,257,357,457,067,167,267,367,467,567,018,028,128,038,138,238,048,148,248,348,058,158,258,358,068,168,268,468,568,078,278,378,478,578,678,END
Bases for #3190:012,023,123,014,024,034,134,234,015,025,125,035,135,045,145,245,345,016,026,126,036,136,236,146,246,346,056,256,356,456,017,027,127,037,137,147,247,347,057,157,457,167,267,367,567,018,028,038,138,238,048,348,158,258,358,458,068,168,268,468,568,078,178,278,378,478,578,678,END
Bases for #3189:012,023,123,014,024,034,134,234,015,025,125,035,135,045,145,245,345,016,026,126,036,136,236,146,246,346,056,256,356,456,017,027,127,037,137,147,247,347,057,157,457,167,267,367,567,018,028,128,038,138,238,048,148,248,158,258,358,458,068,168,368,468,568,078,278,378,478,578,678,END
