36	17
0	1	1	1	1	1	1	1	1	0	0	0	0	0	0	0	0
0	-1	-1	-1	-1	-1	-1	-1	-1	0	0	0	0	0	0	0	0
0	-1	-1	-1	-1	-1	-1	-1	-1	0	0	0	0	0	0	0	0
0	1	1	1	1	1	1	1	1	0	0	0	0	0	0	0	0
4	1	0	0	0	0	0	0	0	-5	0	0	0	0	0	0	0
4	0	1	0	0	0	0	0	0	0	-5	0	0	0	0	0	0
4	0	0	1	0	0	0	0	0	0	0	-5	0	0	0	0	0
4	0	0	0	1	0	0	0	0	0	0	0	-5	0	0	0	0
4	0	0	0	0	1	0	0	0	0	0	0	0	-5	0	0	0
4	0	0	0	0	0	1	0	0	0	0	0	0	0	-5	0	0
4	0	0	0	0	0	0	1	0	0	0	0	0	0	0	-5	0
4	0	0	0	0	0	0	0	1	0	0	0	0	0	0	0	-5
-1	-1	0	0	0	0	0	0	0	5	0	0	0	0	0	0	0
-1	0	-1	0	0	0	0	0	0	0	5	0	0	0	0	0	0
-1	0	0	-1	0	0	0	0	0	0	0	5	0	0	0	0	0
-1	0	0	0	-1	0	0	0	0	0	0	0	5	0	0	0	0
-1	0	0	0	0	-1	0	0	0	0	0	0	0	5	0	0	0
-1	0	0	0	0	0	-1	0	0	0	0	0	0	0	5	0	0
-1	0	0	0	0	0	0	-1	0	0	0	0	0	0	0	5	0
-1	0	0	0	0	0	0	0	-1	0	0	0	0	0	0	0	5
0	0	0	0	0	0	0	0	0	1	0	0	0	0	0	0	0
0	0	0	0	0	0	0	0	0	0	1	0	0	0	0	0	0
0	0	0	0	0	0	0	0	0	0	0	1	0	0	0	0	0
0	0	0	0	0	0	0	0	0	0	0	0	1	0	0	0	0
0	0	0	0	0	0	0	0	0	0	0	0	0	1	0	0	0
0	0	0	0	0	0	0	0	0	0	0	0	0	0	1	0	0
0	0	0	0	0	0	0	0	0	0	0	0	0	0	0	1	0
0	0	0	0	0	0	0	0	0	0	0	0	0	0	0	0	1
1	0	0	0	0	0	0	0	0	-1	0	0	0	0	0	0	0
1	0	0	0	0	0	0	0	0	0	-1	0	0	0	0	0	0
1	0	0	0	0	0	0	0	0	0	0	-1	0	0	0	0	0
1	0	0	0	0	0	0	0	0	0	0	0	-1	0	0	0	0
1	0	0	0	0	0	0	0	0	0	0	0	0	-1	0	0	0
1	0	0	0	0	0	0	0	0	0	0	0	0	0	-1	0	0
1	0	0	0	0	0	0	0	0	0	0	0	0	0	0	-1	0
1	0	0	0	0	0	0	0	0	0	0	0	0	0	0	0	-1
