64  29
0  -1  0  0  0  0  0  0  0  0  0  0  0  0  0  0  0  0  0  0  0  0  0  0  0  0  0  0  0
66  1  -1  0  0  0  0  0  0  0  0  0  0  0  0  0  0  0  0  0  0  0  0  0  0  0  0  0  0
48  0  1  -1  0  0  0  0  0  0  0  0  0  0  0  0  0  0  0  0  0  0  0  0  0  0  0  0  0
43  0  0  1  -1  0  0  0  0  0  0  0  0  0  0  0  0  0  0  0  0  0  0  0  0  0  0  0  0
30  0  0  0  1  -1  0  0  0  0  0  0  0  0  0  0  0  0  0  0  0  0  0  0  0  0  0  0  0
20  0  0  0  0  1  -1  0  0  0  0  0  0  0  0  0  0  0  0  0  0  0  0  0  0  0  0  0  0
3  0  0  0  0  0  1  -1  0  0  0  0  0  0  0  0  0  0  0  0  0  0  0  0  0  0  0  0  0
83  0  0  0  0  0  0  1  0  0  0  0  0  -1  0  0  0  0  0  0  0  0  0  0  0  0  0  0  0
50  0  0  0  0  0  0  0  0  0  0  0  0  1  0  0  0  0  -1  0  0  0  0  0  0  0  0  0  0
30  0  0  0  0  0  0  0  0  0  0  0  0  0  0  0  0  0  1  0  0  0  -1  0  0  0  0  0  0
17  0  0  0  0  0  0  0  0  0  0  0  0  0  0  0  0  0  0  0  0  0  1  0  0  -1  0  0  0
16  0  0  0  0  0  0  0  0  0  0  0  0  0  0  0  0  0  0  0  0  0  0  0  0  1  0  -1  0
1  0  0  0  0  0  0  0  0  0  0  0  0  0  0  0  0  0  0  0  0  0  0  0  0  0  0  1  -1
134  1  0  0  0  0  0  0  -1  0  0  0  0  0  0  0  0  0  0  0  0  0  0  0  0  0  0  0  0
72  0  0  0  0  0  0  0  1  0  0  0  0  0  -1  0  0  0  0  0  0  0  0  0  0  0  0  0  0
71  0  0  0  0  0  0  0  0  0  0  0  0  0  1  0  0  0  0  -1  0  0  0  0  0  0  0  0  0
58  0  0  0  0  0  0  0  0  0  0  0  0  0  0  0  0  0  0  1  0  0  0  -1  0  0  0  0  0
54  0  0  0  0  0  0  0  0  0  0  0  0  0  0  0  0  0  0  0  0  0  0  1  0  0  -1  0  0
18  0  0  0  0  0  0  0  0  0  0  0  0  0  0  0  0  0  0  0  0  0  0  0  0  0  1  0  -1
0  0  1  -1  0  0  0  0  -1  1  0  0  0  0  0  0  0  0  0  0  0  0  0  0  0  0  0  0  0
0  -1  1  0  0  0  0  0  1  -1  0  0  0  0  0  0  0  0  0  0  0  0  0  0  0  0  0  0  0
0  0  -1  0  0  0  0  0  1  1  0  0  0  0  -1  0  0  0  0  0  0  0  0  0  0  0  0  0  0
0  0  0  1  -1  0  0  0  0  -1  1  0  0  0  0  0  0  0  0  0  0  0  0  0  0  0  0  0  0
0  0  -1  1  0  0  0  0  0  1  -1  0  0  0  0  0  0  0  0  0  0  0  0  0  0  0  0  0  0
0  0  0  -1  0  0  0  0  0  1  1  0  0  0  0  -1  0  0  0  0  0  0  0  0  0  0  0  0  0
0  0  0  0  1  -1  0  0  0  0  -1  1  0  0  0  0  0  0  0  0  0  0  0  0  0  0  0  0  0
0  0  0  -1  1  0  0  0  0  0  1  -1  0  0  0  0  0  0  0  0  0  0  0  0  0  0  0  0  0
0  0  0  0  -1  0  0  0  0  0  1  1  0  0  0  0  -1  0  0  0  0  0  0  0  0  0  0  0  0
0  0  0  0  0  1  -1  0  0  0  0  -1  1  0  0  0  0  0  0  0  0  0  0  0  0  0  0  0  0
0  0  0  0  -1  1  0  0  0  0  0  1  -1  0  0  0  0  0  0  0  0  0  0  0  0  0  0  0  0
0  0  0  0  0  -1  0  0  0  0  0  1  1  0  0  0  0  -1  0  0  0  0  0  0  0  0  0  0  0
0  0  0  0  0  0  1  -1  0  0  0  0  -1  1  0  0  0  0  0  0  0  0  0  0  0  0  0  0  0
0  0  0  0  0  -1  1  0  0  0  0  0  1  -1  0  0  0  0  0  0  0  0  0  0  0  0  0  0  0
0  0  0  0  0  0  -1  0  0  0  0  0  1  1  0  0  0  0  -1  0  0  0  0  0  0  0  0  0  0
0  0  0  0  0  0  0  0  0  1  -1  0  0  0  -1  1  0  0  0  0  0  0  0  0  0  0  0  0  0
0  0  0  0  0  0  0  0  -1  1  0  0  0  0  1  -1  0  0  0  0  0  0  0  0  0  0  0  0  0
0  0  0  0  0  0  0  0  0  -1  0  0  0  0  1  1  0  0  0  -1  0  0  0  0  0  0  0  0  0
0  0  0  0  0  0  0  0  0  0  1  -1  0  0  0  -1  1  0  0  0  0  0  0  0  0  0  0  0  0
0  0  0  0  0  0  0  0  0  -1  1  0  0  0  0  1  -1  0  0  0  0  0  0  0  0  0  0  0  0
0  0  0  0  0  0  0  0  0  0  -1  0  0  0  0  1  1  0  0  0  -1  0  0  0  0  0  0  0  0
0  0  0  0  0  0  0  0  0  0  0  1  -1  0  0  0  -1  1  0  0  0  0  0  0  0  0  0  0  0
0  0  0  0  0  0  0  0  0  0  -1  1  0  0  0  0  1  -1  0  0  0  0  0  0  0  0  0  0  0
0  0  0  0  0  0  0  0  0  0  0  -1  0  0  0  0  1  1  0  0  0  -1  0  0  0  0  0  0  0
0  0  0  0  0  0  0  0  0  0  0  0  1  -1  0  0  0  -1  1  0  0  0  0  0  0  0  0  0  0
0  0  0  0  0  0  0  0  0  0  0  -1  1  0  0  0  0  1  -1  0  0  0  0  0  0  0  0  0  0
0  0  0  0  0  0  0  0  0  0  0  0  -1  0  0  0  0  1  1  0  0  0  -1  0  0  0  0  0  0
0  0  0  0  0  0  0  0  0  0  0  0  0  0  0  1  -1  0  0  -1  1  0  0  0  0  0  0  0  0
0  0  0  0  0  0  0  0  0  0  0  0  0  0  -1  1  0  0  0  1  -1  0  0  0  0  0  0  0  0
0  0  0  0  0  0  0  0  0  0  0  0  0  0  0  -1  0  0  0  1  1  0  0  -1  0  0  0  0  0
0  0  0  0  0  0  0  0  0  0  0  0  0  0  0  0  1  -1  0  0  -1  1  0  0  0  0  0  0  0
0  0  0  0  0  0  0  0  0  0  0  0  0  0  0  -1  1  0  0  0  1  -1  0  0  0  0  0  0  0
0  0  0  0  0  0  0  0  0  0  0  0  0  0  0  0  -1  0  0  0  1  1  0  0  -1  0  0  0  0
0  0  0  0  0  0  0  0  0  0  0  0  0  0  0  0  0  1  -1  0  0  -1  1  0  0  0  0  0  0
0  0  0  0  0  0  0  0  0  0  0  0  0  0  0  0  -1  1  0  0  0  1  -1  0  0  0  0  0  0
0  0  0  0  0  0  0  0  0  0  0  0  0  0  0  0  0  -1  0  0  0  1  1  0  0  -1  0  0  0
0  0  0  0  0  0  0  0  0  0  0  0  0  0  0  0  0  0  0  0  1  -1  0  -1  1  0  0  0  0
0  0  0  0  0  0  0  0  0  0  0  0  0  0  0  0  0  0  0  -1  1  0  0  1  -1  0  0  0  0
0  0  0  0  0  0  0  0  0  0  0  0  0  0  0  0  0  0  0  0  -1  0  0  1  1  0  -1  0  0
0  0  0  0  0  0  0  0  0  0  0  0  0  0  0  0  0  0  0  0  0  1  -1  0  -1  1  0  0  0
0  0  0  0  0  0  0  0  0  0  0  0  0  0  0  0  0  0  0  0  -1  1  0  0  1  -1  0  0  0
0  0  0  0  0  0  0  0  0  0  0  0  0  0  0  0  0  0  0  0  0  -1  0  0  1  1  0  -1  0
0  0  0  0  0  0  0  0  0  0  0  0  0  0  0  0  0  0  0  0  0  0  0  0  1  -1  -1  1  0
0  0  0  0  0  0  0  0  0  0  0  0  0  0  0  0  0  0  0  0  0  0  0  -1  1  0  1  -1  0
0  0  0  0  0  0  0  0  0  0  0  0  0  0  0  0  0  0  0  0  0  0  0  0  -1  0  1  1  -1
linearity  19  1  2  3  4  5  6  7  8  9  10  11  12  13  14  15  16  17  18  19

