64  29
0  -1  0  0  0  0  0  0  0  0  0  0  0  0  0  0  0  0  0  0  0  0  0  0  0  0  0  0  0
66  1  -1  0  0  0  0  0  0  0  0  0  0  0  0  0  0  0  0  0  0  0  0  0  0  0  0  0  0
47  0  1  -1  0  0  0  0  0  0  0  0  0  0  0  0  0  0  0  0  0  0  0  0  0  0  0  0  0
40  0  0  1  -1  0  0  0  0  0  0  0  0  0  0  0  0  0  0  0  0  0  0  0  0  0  0  0  0
28  0  0  0  1  -1  0  0  0  0  0  0  0  0  0  0  0  0  0  0  0  0  0  0  0  0  0  0  0
10  0  0  0  0  1  -1  0  0  0  0  0  0  0  0  0  0  0  0  0  0  0  0  0  0  0  0  0  0
2  0  0  0  0  0  1  -1  0  0  0  0  0  0  0  0  0  0  0  0  0  0  0  0  0  0  0  0  0
49  0  0  0  0  0  0  1  0  0  0  0  0  -1  0  0  0  0  0  0  0  0  0  0  0  0  0  0  0
45  0  0  0  0  0  0  0  0  0  0  0  0  1  0  0  0  0  -1  0  0  0  0  0  0  0  0  0  0
44  0  0  0  0  0  0  0  0  0  0  0  0  0  0  0  0  0  1  0  0  0  -1  0  0  0  0  0  0
14  0  0  0  0  0  0  0  0  0  0  0  0  0  0  0  0  0  0  0  0  0  1  0  0  -1  0  0  0
10  0  0  0  0  0  0  0  0  0  0  0  0  0  0  0  0  0  0  0  0  0  0  0  0  1  0  -1  0
4  0  0  0  0  0  0  0  0  0  0  0  0  0  0  0  0  0  0  0  0  0  0  0  0  0  0  1  -1
88  1  0  0  0  0  0  0  -1  0  0  0  0  0  0  0  0  0  0  0  0  0  0  0  0  0  0  0  0
84  0  0  0  0  0  0  0  1  0  0  0  0  0  -1  0  0  0  0  0  0  0  0  0  0  0  0  0  0
80  0  0  0  0  0  0  0  0  0  0  0  0  0  1  0  0  0  0  -1  0  0  0  0  0  0  0  0  0
51  0  0  0  0  0  0  0  0  0  0  0  0  0  0  0  0  0  0  1  0  0  0  -1  0  0  0  0  0
30  0  0  0  0  0  0  0  0  0  0  0  0  0  0  0  0  0  0  0  0  0  0  1  0  0  -1  0  0
26  0  0  0  0  0  0  0  0  0  0  0  0  0  0  0  0  0  0  0  0  0  0  0  0  0  1  0  -1
0  0  1  -1  0  0  0  0  -1  1  0  0  0  0  0  0  0  0  0  0  0  0  0  0  0  0  0  0  0
0  -1  1  0  0  0  0  0  1  -1  0  0  0  0  0  0  0  0  0  0  0  0  0  0  0  0  0  0  0
0  0  -1  0  0  0  0  0  1  1  0  0  0  0  -1  0  0  0  0  0  0  0  0  0  0  0  0  0  0
0  0  0  1  -1  0  0  0  0  -1  1  0  0  0  0  0  0  0  0  0  0  0  0  0  0  0  0  0  0
0  0  -1  1  0  0  0  0  0  1  -1  0  0  0  0  0  0  0  0  0  0  0  0  0  0  0  0  0  0
0  0  0  -1  0  0  0  0  0  1  1  0  0  0  0  -1  0  0  0  0  0  0  0  0  0  0  0  0  0
0  0  0  0  1  -1  0  0  0  0  -1  1  0  0  0  0  0  0  0  0  0  0  0  0  0  0  0  0  0
0  0  0  -1  1  0  0  0  0  0  1  -1  0  0  0  0  0  0  0  0  0  0  0  0  0  0  0  0  0
0  0  0  0  -1  0  0  0  0  0  1  1  0  0  0  0  -1  0  0  0  0  0  0  0  0  0  0  0  0
0  0  0  0  0  1  -1  0  0  0  0  -1  1  0  0  0  0  0  0  0  0  0  0  0  0  0  0  0  0
0  0  0  0  -1  1  0  0  0  0  0  1  -1  0  0  0  0  0  0  0  0  0  0  0  0  0  0  0  0
0  0  0  0  0  -1  0  0  0  0  0  1  1  0  0  0  0  -1  0  0  0  0  0  0  0  0  0  0  0
0  0  0  0  0  0  1  -1  0  0  0  0  -1  1  0  0  0  0  0  0  0  0  0  0  0  0  0  0  0
0  0  0  0  0  -1  1  0  0  0  0  0  1  -1  0  0  0  0  0  0  0  0  0  0  0  0  0  0  0
0  0  0  0  0  0  -1  0  0  0  0  0  1  1  0  0  0  0  -1  0  0  0  0  0  0  0  0  0  0
0  0  0  0  0  0  0  0  0  1  -1  0  0  0  -1  1  0  0  0  0  0  0  0  0  0  0  0  0  0
0  0  0  0  0  0  0  0  -1  1  0  0  0  0  1  -1  0  0  0  0  0  0  0  0  0  0  0  0  0
0  0  0  0  0  0  0  0  0  -1  0  0  0  0  1  1  0  0  0  -1  0  0  0  0  0  0  0  0  0
0  0  0  0  0  0  0  0  0  0  1  -1  0  0  0  -1  1  0  0  0  0  0  0  0  0  0  0  0  0
0  0  0  0  0  0  0  0  0  -1  1  0  0  0  0  1  -1  0  0  0  0  0  0  0  0  0  0  0  0
0  0  0  0  0  0  0  0  0  0  -1  0  0  0  0  1  1  0  0  0  -1  0  0  0  0  0  0  0  0
0  0  0  0  0  0  0  0  0  0  0  1  -1  0  0  0  -1  1  0  0  0  0  0  0  0  0  0  0  0
0  0  0  0  0  0  0  0  0  0  -1  1  0  0  0  0  1  -1  0  0  0  0  0  0  0  0  0  0  0
0  0  0  0  0  0  0  0  0  0  0  -1  0  0  0  0  1  1  0  0  0  -1  0  0  0  0  0  0  0
0  0  0  0  0  0  0  0  0  0  0  0  1  -1  0  0  0  -1  1  0  0  0  0  0  0  0  0  0  0
0  0  0  0  0  0  0  0  0  0  0  -1  1  0  0  0  0  1  -1  0  0  0  0  0  0  0  0  0  0
0  0  0  0  0  0  0  0  0  0  0  0  -1  0  0  0  0  1  1  0  0  0  -1  0  0  0  0  0  0
0  0  0  0  0  0  0  0  0  0  0  0  0  0  0  1  -1  0  0  -1  1  0  0  0  0  0  0  0  0
0  0  0  0  0  0  0  0  0  0  0  0  0  0  -1  1  0  0  0  1  -1  0  0  0  0  0  0  0  0
0  0  0  0  0  0  0  0  0  0  0  0  0  0  0  -1  0  0  0  1  1  0  0  -1  0  0  0  0  0
0  0  0  0  0  0  0  0  0  0  0  0  0  0  0  0  1  -1  0  0  -1  1  0  0  0  0  0  0  0
0  0  0  0  0  0  0  0  0  0  0  0  0  0  0  -1  1  0  0  0  1  -1  0  0  0  0  0  0  0
0  0  0  0  0  0  0  0  0  0  0  0  0  0  0  0  -1  0  0  0  1  1  0  0  -1  0  0  0  0
0  0  0  0  0  0  0  0  0  0  0  0  0  0  0  0  0  1  -1  0  0  -1  1  0  0  0  0  0  0
0  0  0  0  0  0  0  0  0  0  0  0  0  0  0  0  -1  1  0  0  0  1  -1  0  0  0  0  0  0
0  0  0  0  0  0  0  0  0  0  0  0  0  0  0  0  0  -1  0  0  0  1  1  0  0  -1  0  0  0
0  0  0  0  0  0  0  0  0  0  0  0  0  0  0  0  0  0  0  0  1  -1  0  -1  1  0  0  0  0
0  0  0  0  0  0  0  0  0  0  0  0  0  0  0  0  0  0  0  -1  1  0  0  1  -1  0  0  0  0
0  0  0  0  0  0  0  0  0  0  0  0  0  0  0  0  0  0  0  0  -1  0  0  1  1  0  -1  0  0
0  0  0  0  0  0  0  0  0  0  0  0  0  0  0  0  0  0  0  0  0  1  -1  0  -1  1  0  0  0
0  0  0  0  0  0  0  0  0  0  0  0  0  0  0  0  0  0  0  0  -1  1  0  0  1  -1  0  0  0
0  0  0  0  0  0  0  0  0  0  0  0  0  0  0  0  0  0  0  0  0  -1  0  0  1  1  0  -1  0
0  0  0  0  0  0  0  0  0  0  0  0  0  0  0  0  0  0  0  0  0  0  0  0  1  -1  -1  1  0
0  0  0  0  0  0  0  0  0  0  0  0  0  0  0  0  0  0  0  0  0  0  0  -1  1  0  1  -1  0
0  0  0  0  0  0  0  0  0  0  0  0  0  0  0  0  0  0  0  0  0  0  0  0  -1  0  1  1  -1
linearity  19  1  2  3  4  5  6  7  8  9  10  11  12  13  14  15  16  17  18  19

