20 13
338106 -1 -1 -1 -1 0 0 0 0 0 0 0 0 
574203 0 0 0 0 -1 -1 -1 -1 0 0 0 0 
678876 0 0 0 0 0 0 0 0 -1 -1 -1 -1 
20202 -1 0 0 0 -1 0 0 0 -1 0 0 0 
142746 0 -1 0 0 0 -1 0 0 0 -1 0 0 
410755 0 0 -1 0 0 0 -1 0 0 0 -1 0 
1007773 0 0 0 -1 0 0 0 -1 0 0 0 -1 
-368468 1 1 1 1 1 1 1 1 1 1 1 1 
0 1 0 0 0 0 0 0 0 0 0 0 0 
0 0 1 0 0 0 0 0 0 0 0 0 0 
0 0 0 1 0 0 0 0 0 0 0 0 0 
0 0 0 0 1 0 0 0 0 0 0 0 0 
0 0 0 0 0 1 0 0 0 0 0 0 0 
0 0 0 0 0 0 1 0 0 0 0 0 0 
0 0 0 0 0 0 0 1 0 0 0 0 0 
0 0 0 0 0 0 0 0 1 0 0 0 0 
0 0 0 0 0 0 0 0 0 1 0 0 0 
0 0 0 0 0 0 0 0 0 0 1 0 0 
0 0 0 0 0 0 0 0 0 0 0 1 0 
0 0 0 0 0 0 0 0 0 0 0 0 1 

