20 13
3046 -1 -1 -1 -1 0 0 0 0 0 0 0 0 
5173 0 0 0 0 -1 -1 -1 -1 0 0 0 0 
6116 0 0 0 0 0 0 0 0 -1 -1 -1 -1 
182 -1 0 0 0 -1 0 0 0 -1 0 0 0 
778 0 -1 0 0 0 -1 0 0 0 -1 0 0 
3635 0 0 -1 0 0 0 -1 0 0 0 -1 0 
9558 0 0 0 -1 0 0 0 -1 0 0 0 -1 
-3225 1 1 1 1 1 1 1 1 1 1 1 1 
0 1 0 0 0 0 0 0 0 0 0 0 0 
0 0 1 0 0 0 0 0 0 0 0 0 0 
0 0 0 1 0 0 0 0 0 0 0 0 0 
0 0 0 0 1 0 0 0 0 0 0 0 0 
0 0 0 0 0 1 0 0 0 0 0 0 0 
0 0 0 0 0 0 1 0 0 0 0 0 0 
0 0 0 0 0 0 0 1 0 0 0 0 0 
0 0 0 0 0 0 0 0 1 0 0 0 0 
0 0 0 0 0 0 0 0 0 1 0 0 0 
0 0 0 0 0 0 0 0 0 0 1 0 0 
0 0 0 0 0 0 0 0 0 0 0 1 0 
0 0 0 0 0 0 0 0 0 0 0 0 1 

