21 21
1 2 2 2 2 2 2 2 2 2 2 2 2 2 2 2 2 2 2 2 1
1 -1 2 -1 2 -1 2 -1 2 -1 2 -1 2 -1 2 -1 2 -1 2 -1 1
4 -1 -4 -1 8 -1 -4 -1 8 -1 -4 -1 8 -1 -4 -1 8 -1 -4 -1 4
25 2 -22 -22 2 50 2 -22 -22 2 50 2 -22 -22 2 50 2 -22 -22 2 25
25 -22 2 2 -22 50 -22 2 2 -22 50 -22 2 2 -22 50 -22 2 2 -22 25
16 11 -4 -13 -16 -13 -4 11 32 11 -4 -13 -16 -13 -4 11 32 11 -4 -13 -8
16 -13 -4 11 -16 11 -4 -13 32 -13 -4 11 -16 11 -4 -13 32 -13 -4 11 -8
25 23 2 -13 -22 -25 -22 -13 2 23 50 23 2 -13 -22 -25 -22 -13 2 23 25
25 -13 -22 23 2 -25 2 23 -22 -13 50 -13 -22 23 2 -25 2 23 -22 -13 25
100 143 92 47 8 -25 -52 -73 -88 -97 -100 -97 -88 -73 -52 -25 8 47 92 143 100
100 47 -52 -97 -88 -25 92 143 8 -73 -100 -73 8 143 92 -25 -88 -97 -52 47 100
100 -73 -52 143 -88 -25 92 -97 8 47 -100 47 8 -97 92 -25 -88 143 -52 -73 100
100 -97 92 -73 8 -25 -52 47 -88 143 -100 143 -88 47 -52 -25 8 -73 92 -97 100
400 683 572 467 368 275 188 107 32 -37 -100 -157 -208 -253 -292 -325 -352 -373 -388 -397 -200
400 467 188 -37 -208 -325 -388 -397 -352 -253 -100 107 368 683 572 275 32 -157 -292 -373 -200
400 107 -292 -397 -208 275 572 -37 -352 -373 -100 467 368 -157 -388 -325 32 683 188 -253 -200
400 -37 -388 -253 368 275 -292 -373 32 683 -100 -397 -208 467 188 -325 -352 107 572 -157 -200
400 -157 -388 107 368 -325 -292 467 32 -397 -100 683 -208 -373 188 275 -352 -253 572 -37 -200
400 -253 -292 683 -208 -325 572 -157 -352 467 -100 -373 368 -37 -388 275 32 -397 188 107 -200
400 -373 188 -157 -208 275 -388 683 -352 107 -100 -253 368 -397 572 -325 32 -37 -292 467 -200
400 -397 572 -373 368 -325 188 -253 32 -157 -100 -37 -208 107 -292 275 -352 467 -388 683 -200