27 17
10 -1 -1 -1 -1 -1 -1 -1 -1 0 0 0 0 0 0 0 0 
38 0 0 0 0 0 0 0 0 -1 -1 -1 -1 -1 -1 -1 -1 
6 -1 0 0 0 0 0 0 0 -1 0 0 0 0 0 0 0 
6 0 -1 0 0 0 0 0 0 0 -1 0 0 0 0 0 0 
6 0 0 -1 0 0 0 0 0 0 0 -1 0 0 0 0 0 
5 0 0 0 -1 0 0 0 0 0 0 0 -1 0 0 0 0 
5 0 0 0 0 -1 0 0 0 0 0 0 0 -1 0 0 0 
5 0 0 0 0 0 -1 0 0 0 0 0 0 0 -1 0 0 
8 0 0 0 0 0 0 -1 0 0 0 0 0 0 0 -1 0 
9 0 0 0 0 0 0 0 -1 0 0 0 0 0 0 0 -1 
-40 1 1 1 1 1 1 1 1 1 1 1 1 1 1 1 1 
0 1 0 0 0 0 0 0 0 0 0 0 0 0 0 0 0 
0 0 1 0 0 0 0 0 0 0 0 0 0 0 0 0 0 
0 0 0 1 0 0 0 0 0 0 0 0 0 0 0 0 0 
0 0 0 0 1 0 0 0 0 0 0 0 0 0 0 0 0 
0 0 0 0 0 1 0 0 0 0 0 0 0 0 0 0 0 
0 0 0 0 0 0 1 0 0 0 0 0 0 0 0 0 0 
0 0 0 0 0 0 0 1 0 0 0 0 0 0 0 0 0 
0 0 0 0 0 0 0 0 1 0 0 0 0 0 0 0 0 
0 0 0 0 0 0 0 0 0 1 0 0 0 0 0 0 0 
0 0 0 0 0 0 0 0 0 0 1 0 0 0 0 0 0 
0 0 0 0 0 0 0 0 0 0 0 1 0 0 0 0 0 
0 0 0 0 0 0 0 0 0 0 0 0 1 0 0 0 0 
0 0 0 0 0 0 0 0 0 0 0 0 0 1 0 0 0 
0 0 0 0 0 0 0 0 0 0 0 0 0 0 1 0 0 
0 0 0 0 0 0 0 0 0 0 0 0 0 0 0 1 0 
0 0 0 0 0 0 0 0 0 0 0 0 0 0 0 0 1 

