24 16
16 -1 -1 -1 -1 -1 0 0 0 0 0 0 0 0 0 0 
9 0 0 0 0 0 -1 -1 -1 -1 -1 0 0 0 0 0 
5 0 0 0 0 0 0 0 0 0 0 -1 -1 -1 -1 -1 
5 -1 0 0 0 0 -1 0 0 0 0 -1 0 0 0 0 
5 0 -1 0 0 0 0 -1 0 0 0 0 -1 0 0 0 
6 0 0 -1 0 0 0 0 -1 0 0 0 0 -1 0 0 
6 0 0 0 -1 0 0 0 0 -1 0 0 0 0 -1 0 
7 0 0 0 0 -1 0 0 0 0 -1 0 0 0 0 -1 
-23 1 1 1 1 1 1 1 1 1 1 1 1 1 1 1 
0 1 0 0 0 0 0 0 0 0 0 0 0 0 0 0 
0 0 1 0 0 0 0 0 0 0 0 0 0 0 0 0 
0 0 0 1 0 0 0 0 0 0 0 0 0 0 0 0 
0 0 0 0 1 0 0 0 0 0 0 0 0 0 0 0 
0 0 0 0 0 1 0 0 0 0 0 0 0 0 0 0 
0 0 0 0 0 0 1 0 0 0 0 0 0 0 0 0 
0 0 0 0 0 0 0 1 0 0 0 0 0 0 0 0 
0 0 0 0 0 0 0 0 1 0 0 0 0 0 0 0 
0 0 0 0 0 0 0 0 0 1 0 0 0 0 0 0 
0 0 0 0 0 0 0 0 0 0 1 0 0 0 0 0 
0 0 0 0 0 0 0 0 0 0 0 1 0 0 0 0 
0 0 0 0 0 0 0 0 0 0 0 0 1 0 0 0 
0 0 0 0 0 0 0 0 0 0 0 0 0 1 0 0 
0 0 0 0 0 0 0 0 0 0 0 0 0 0 1 0 
0 0 0 0 0 0 0 0 0 0 0 0 0 0 0 1 

